#t(Gyr) a(1) filename H(km/s/Mpc)
0.57191009 0.10302466699999999 t10.dat 1139.44827095 1.0008332910673854
0.63441009 0.110400045 t15.dat 1026.3008843 1.0025763860844756
0.69691009 0.11753573399999999 t20.dat 933.8489202 1.0034866877942556
0.75941009 0.12445829100000001 t25.dat 856.78468185 1.0040601776274483
0.82191009 0.131187807 t30.dat 791.01163741 1.0058389895672526
0.88441009 0.13773903199999998 t35.dat 733.97583585 1.0093459037190775
0.94691009 0.144122902 t40.dat 683.89181628 1.0148475795045073
1.00941009 0.150348018 t45.dat 639.50362804 1.0223403021398214
1.07191009 0.156421845 t50.dat 599.91374888 1.0315844476711022
1.13441009 0.162351475 t55.dat 564.44925987 1.0422120666103232
1.19691009 0.168143876 t60.dat 532.56047446 1.053885923675013
1.25530367 0.17343646299999999 t65.dat 505.42553996 1.0662008809926578
1.30526465 0.177876042 t70.dat 483.97206368 1.0779079376208567
1.35426247 0.18215635 t75.dat 464.9251455 1.0876160584848442
1.39991607 0.186081009 t80.dat 448.19649768 1.097821052642894
1.44560115 0.189951073 t85.dat 432.83289363 1.1066463584398991
1.49090012 0.193734438 t90.dat 418.53627022 1.1155471924267506
1.53664392 0.197503384 t95.dat 405.101274 1.1238899489592173
1.58409391 0.20136161700000002 t100.dat 392.16838831 1.1316168142026888
1.62895282 0.20496175600000002 t105.dat 380.41363613 1.140365256148475
1.67346131 0.208491511 t110.dat 369.71109546 1.147055758426969
1.71971331 0.212118486 t115.dat 359.39342698 1.152653605053406
1.76582909 0.215694377 t120.dat 349.5309201 1.1590093990266088
1.81185651 0.21922538 t125.dat 340.32511362 1.1644320159639392
1.85633782 0.222602739 t130.dat 331.8150552 1.1700136901042397
1.90165985 0.226011768 t135.dat 323.86491918 1.1734204556879826
1.94789965 0.229458288 t140.dat 316.15200908 1.1767155427369396
1.99058578 0.23261065900000003 t145.dat 309.04896633 1.1820373595011435
2.03144206 0.23560378499999998 t150.dat 302.84199921 1.184665197938935
2.06965182 0.23838197600000002 t155.dat 297.14463188 1.188005920266452
2.10611781 0.24101570200000003 t160.dat 292.05052808 1.189933317458764
2.14008784 0.24345381000000002 t165.dat 287.3864732 1.1923184289640618
2.17264874 0.245777839 t170.dat 283.180672 1.1934912755689038
2.20341703 0.247962521 t175.dat 279.28214339 1.194896149783314
2.23439728 0.250152413 t180.dat 275.67619498 1.1944335888266753
2.26504829 0.252309463 t185.dat 272.12559279 1.1946350011202347
2.29637374 0.254505017 t190.dat 268.72013618 1.193672430236609
2.32742485 0.256672299 t195.dat 265.34021152 1.1935249031588788
2.359246 0.25888490599999997 t200.dat 262.11422899 1.1919917335105294
2.39144963 0.26111549 t205.dat 258.87082357 1.1909965683252761
2.42436646 0.26338697899999997 t210.dat 255.69548187 1.1894484300920172
2.45732886 0.265653134 t215.dat 252.57403249 1.1880983734752635
2.49019285 0.267904264 t220.dat 249.54621019 1.186680466196854
2.52299596 0.270143446 t225.dat 246.64499603 1.1848045261568032
2.55691822 0.27245184899999997 t230.dat 243.83556412 1.1817109287796659
2.5908913 0.274756112 t235.dat 240.97886443 1.179708300929058
2.62482612 0.277050586 t240.dat 238.25619761 1.177088174362964
2.6571506 0.279228933 t245.dat 235.60057416 1.1758195843346937
2.69159467 0.281544798 t250.dat 233.22905467 1.1704875603599332
2.72624659 0.283868153 t255.dat 230.62698878 1.1678964963576786
2.76100286 0.286192232 t260.dat 228.14921148 1.164563460409533
2.7962258 0.28854170300000004 t265.dat 225.75711441 1.1605556386115472
2.8313108 0.29087591 t270.dat 223.35372264 1.157350685898601
2.86652522 0.29321332 t275.dat 221.09234832 1.1531242822266414
2.90228993 0.295582105 t280.dat 218.85848397 1.1487180434002144
2.93858614 0.29798107900000004 t285.dat 216.65295245 1.1441404501776373
2.97511398 0.30039038100000004 t290.dat 214.47524807 1.1396256250797119
3.01143208 0.302780895 t295.dat 212.34278438 1.1353093328861894
3.04650834 0.305084373 t300.dat 210.2357063 1.1321442986194996
3.08215786 0.307421794 t305.dat 208.37626872 1.1263520577085373
3.1175998 0.309741408 t310.dat 206.42076578 1.1221994576665606
3.1514943 0.311955289 t315.dat 204.52770839 1.1189051285202474
3.21702127 0.316225142 t320.dat 201.13358586 1.1107498090626544
3.27895876 0.320249096 t325.dat 198.08420934 1.1025827122100844
3.30941481 0.322224134 t330.dat 196.6734308 1.0980169537884918
3.37311924 0.326350747 t335.dat 193.94874442 1.0867930454701378
3.40634982 0.328500988 t340.dat 192.52755163 1.0813811941798124
3.4734291 0.332835838 t345.dat 189.72949093 1.0705690847512639
3.50694946 0.334999251 t350.dat 188.28834664 1.0660958110388152
3.57358737 0.33929497999999997 t355.dat 185.63003208 1.0557129452779634
3.60815241 0.341521837 t360.dat 184.43219063 1.0486866659183134
3.67985549 0.346138814 t365.dat 181.81987562 1.0364324745533227
3.71617146 0.348475337 t370.dat 180.47467855 1.0309223015632347
3.75164473 0.35075594200000004 t375.dat 179.15558932 1.0258852701640695
3.81799693 0.35501611899999996 t380.dat 176.72725788 1.0167714306385247
3.85020113 0.357082059 t385.dat 175.61795314 1.0118886292609124
3.91441707 0.361200038 t390.dat 173.60344321 1.0004942513083201
3.98045326 0.36543369800000003 t395.dat 171.49331252 0.9900439454436382
4.01283602 0.367508737 t400.dat 170.45604978 0.9852507737046428
4.07774898 0.371667503 t405.dat 168.59341234 0.97371006061714
4.10968032 0.373712646 t410.dat 167.54244879 0.9698655402362139
4.17306169 0.37777187 t415.dat 165.7903921 0.9588861893890609
4.20521957 0.379831622 t420.dat 164.8887875 0.9537159056155434
4.26941499 0.383943543 t425.dat 163.10651013 0.9436912606014849
4.30124497 0.385982308 t430.dat 162.26211703 0.9385083846648139
4.36703869 0.390198673 t435.dat 160.61146951 0.9271802096076786
4.40064032 0.39235281299999997 t440.dat 159.78953305 0.9213988409334783
4.4665888 0.39658040699999997 t445.dat 158.07169614 0.9117434240299133
4.53253335 0.400808894 t450.dat 156.4380571 0.9017325602252677
4.56590714 0.402949714 t455.dat 155.68557011 0.8960357768929712
4.63388895 0.407313308 t460.dat 154.16645957 0.8847264909115832
4.66715206 0.40944888500000004 t465.dat 153.31872058 0.880613172490548
4.70003749 0.411560535 t470.dat 152.5681788 0.87568021070696
4.76609336 0.41580392499999996 t475.dat 151.06807832 0.8660908803634115
4.83272354 0.420086944 t480.dat 149.71328395 0.8551383882283999
4.86863968 0.42239836999999997 t485.dat 149.04195828 0.8487715844024557
4.90357136 0.424646579 t490.dat 148.20039286 0.8448761097225802
4.9689255 0.428852175 t495.dat 146.72975365 0.8367879179917626
5.00063873 0.430893418 t500.dat 146.07440176 0.8323707597897939
5.0611346 0.43478762800000004 t505.dat 144.79575791 0.824577383802327
5.12069464 0.43862415199999993 t510.dat 143.67510172 0.8157066022861765
5.17887717 0.442374304 t515.dat 142.52649071 0.8080044779243559
5.20859104 0.444290817 t520.dat 141.98255113 0.8037160986237825
5.26938025 0.44821505899999997 t525.dat 140.91904764 0.794650019993528
5.30224607 0.45033961 t530.dat 140.43125817 0.788908459381076
5.37123221 0.45480427399999995 t535.dat 139.20782795 0.779423870746104
5.40713799 0.457130609 t540.dat 138.64507959 0.7738286403982858
5.47897657 0.461788376 t545.dat 137.35857625 0.7647756947339239
5.51523921 0.464141689 t550.dat 136.75994474 0.7598100971522224
5.58538522 0.46869604200000003 t555.dat 135.55220348 0.7510824380014829
5.6195599 0.47091610700000003 t560.dat 134.89665404 0.747724546928264
5.65389896 0.473148008 t565.dat 134.35351001 0.7431655115236537
5.72169251 0.477557322 t570.dat 133.27309984 0.7345360343435064
5.7539109 0.47965369 t575.dat 132.64440706 0.7318353336749099
5.81505753 0.483633141 t580.dat 131.58624487 0.7254466542405379
5.87264613 0.487382887 t585.dat 130.66703689 0.7188391380224096
5.90124951 0.48924651199999997 t590.dat 130.24673088 0.7152498104213306
5.96109742 0.493150085 t595.dat 129.42752316 0.7072680038747183
6.02206901 0.49713153 t600.dat 128.51051784 0.7002987573000907
6.05383262 0.49920822200000003 t605.dat 128.11881722 0.6958307205999309
6.12000499 0.503539884 t610.dat 127.23321941 0.6874988397073297
6.15463968 0.505809985 t615.dat 126.75725576 0.6833871009576563
6.22419602 0.510373306 t620.dat 125.78772822 0.6755138024399642
6.26027819 0.5127433650000001 t625.dat 125.31217819 0.6712556020017315
6.32976294 0.517310402 t630.dat 124.26766374 0.6646679350047797
6.3636578 0.519539698 t635.dat 123.81570578 0.6609474645289958
6.42933657 0.523862139 t640.dat 122.88040435 0.6545733649680416
6.46127631 0.525965462 t645.dat 122.45056827 0.6513003906894065
6.5236136 0.530073012 t650.dat 121.61801542 0.6450178370761472
6.5554123 0.5321704389999999 t655.dat 121.23635232 0.6414409269082709
6.62015571 0.536444681 t660.dat 120.39076802 0.6350580541278315
6.65125453 0.538498831 t665.dat 119.95250716 0.6324142902976543
6.71096245 0.542444822 t670.dat 119.17661442 0.6267954532935064
6.77230707 0.546504282 t675.dat 118.512586 0.6198191241862796
6.80404276 0.54860664 t680.dat 118.10709725 0.6169350689126861
6.87038573 0.553007241 t685.dat 117.36121987 0.610004368322306
6.90307963 0.555177389 t690.dat 116.92751197 0.6073596011877892
6.96836036 0.55951463 t695.dat 116.18770182 0.6009245756288849
7.00053894 0.5616542019999999 t700.dat 115.77867873 0.5982881671091008
7.06400975 0.5658775389999999 t705.dat 115.00492264 0.5928903750952254
7.12693199 0.5700688150000001 t710.dat 114.31098485 0.5869712687736008
7.15724606 0.572089069 t715.dat 113.91913256 0.5847770781366446
7.21689216 0.576066859 t720.dat 113.2686456 0.5793440360779571
7.27755671 0.580117338 t725.dat 112.58775092 0.5741756955738492
7.30791639 0.582146254 t730.dat 112.28773057 0.5712335388860504
7.3712073 0.586380618 t735.dat 111.631256 0.5655411178164447
7.40316077 0.5885203459999999 t740.dat 111.28968392 0.5628340536187568
7.46516174 0.5926749069999999 t745.dat 110.61635967 0.5578099852754766
7.52560754 0.596728921 t750.dat 109.9340105 0.5533236395025708
7.55480854 0.5986884619999999 t755.dat 109.61847004 0.5510671095657392
7.61148972 0.602494 t760.dat 108.97830835 0.547061718776695
7.66305717 0.60595754 t765.dat 108.38724632 0.5436153130413269
7.71267244 0.60929242 t770.dat 107.93958963 0.5391824873369533
7.76462687 0.612788699 t775.dat 107.4314173 0.5350320223916052
7.81715654 0.61632697 t780.dat 106.90192871 0.5310923303170458
7.87164444 0.620001334 t785.dat 106.42319499 0.5264100488070893
7.90052141 0.621950844 t790.dat 106.17937322 0.5238731372322182
7.95884494 0.625891572 t795.dat 105.6223425 0.5194762873318955
8.01829994 0.62991334 t800.dat 105.06609664 0.5149997472377572
8.07845993 0.633987608 t805.dat 104.52944849 0.5103345874428338
8.10902702 0.636059579 t810.dat 104.22944696 0.5082768967248428
8.17037537 0.640221433 t815.dat 103.66397254 0.5038813755794566
8.20081134 0.64228774 t820.dat 103.37826949 0.5017960242342031
8.26197015 0.646443275 t825.dat 102.8409511 0.49733748572602027
8.32606896 0.650804363 t830.dat 102.27170305 0.49284719087380174
8.35820884 0.6529927609999999 t835.dat 101.98483596 0.4906573683615476
8.4230452 0.657411017 t840.dat 101.43154159 0.4860910706657085
8.45645928 0.659690146 t845.dat 101.12742595 0.4839680946113435
8.52240526 0.664191224 t850.dat 100.53296224 0.47981991694769077
8.55419542 0.666362222 t855.dat 100.22227753 0.478095867948587
8.61825851 0.670741341 t860.dat 99.7140537 0.4735836061621808
8.65021189 0.6729274110000001 t865.dat 99.43472218 0.4716217678807779
8.71391917 0.6772892030000001 t870.dat 98.88638838 0.4677126764584423
8.77443494 0.681435264 t875.dat 98.34624032 0.46428568315688623
8.80485187 0.68352088 t880.dat 98.11780957 0.4621932332733082
8.86664361 0.6877617380000001 t885.dat 97.6234312 0.45830274605877497
8.93097343 0.692182787 t890.dat 97.15208754 0.45394994679531847
8.96368979 0.694433284 t895.dat 96.8841074 0.45204113751045444
9.02998105 0.6989975239999999 t900.dat 96.3839762 0.4478556313897684
9.0633678 0.701298228 t905.dat 96.10324705 0.44605691995934726
9.13029421 0.7059141720000001 t910.dat 95.57918068 0.44217310101268387
9.16207658 0.708107307 t915.dat 95.29752717 0.4406706621259895
9.22064566 0.7121498159999999 t920.dat 94.79400595 0.4378232052946312
9.27776396 0.71609558 t925.dat 94.36406468 0.4345586211577815
9.30543346 0.718007931 t930.dat 94.13341649 0.4332107868798449
9.36367438 0.7220373880000001 t935.dat 93.74104342 0.42957203665262256
9.42169156 0.726055175 t940.dat 93.31893818 0.42631064387117323
9.45163311 0.728130523 t945.dat 93.107189 0.4246004870001467
9.51324395 0.732404975 t950.dat 92.68796419 0.42099223454863793
9.57676111 0.7368172040000001 t955.dat 92.22675788 0.4176201760889307
9.60872599 0.739039389 t960.dat 92.00383685 0.4158722987041001
9.67190485 0.743434605 t965.dat 91.55638923 0.41254278646547327
9.70340994 0.7456278860000001 t970.dat 91.31070554 0.41111640392017446
9.76310881 0.749785411 t975.dat 90.8441755 0.40847877591565535
9.82361394 0.754003381 t980.dat 90.46406726 0.40504430433293725
9.85443525 0.756153813 t985.dat 90.24455884 0.40355444652702405
9.91613651 0.760461758 t990.dat 89.80527573 0.4006256855200658
9.97633058 0.7646676130000001 t995.dat 89.39495013 0.3976770852338883
10.00721791 0.7668276709999999 t1000.dat 89.20063563 0.3960457913669018
10.06834148 0.771104873 t1005.dat 88.76721159 0.39330469459876316
10.12776531 0.775266345 t1010.dat 88.35121344 0.3906580678861469
10.15814668 0.777395653 t1015.dat 88.18142941 0.3889502334567439
10.21846451 0.781625791 t1020.dat 87.75835134 0.3863679321633288
10.27878418 0.785859825 t1025.dat 87.37394163 0.38350895654478756
10.30923967 0.7879990259999999 t1030.dat 87.17791715 0.38210666182062974
10.37014321 0.7922799150000001 t1035.dat 86.79874358 0.3792379692488722
10.40034035 0.79440378 t1040.dat 86.58400774 0.37807273092046456
10.46061172 0.79864577 t1045.dat 86.20814714 0.37533185011177594
10.52170129 0.8029497680000001 t1050.dat 85.83407366 0.37255470196950047
10.5520088 0.805086425 t1055.dat 85.64042611 0.37126967542357314
10.61288787 0.809381398 t1060.dat 85.26825542 0.3685871730472676
10.67280577 0.813611814 t1065.dat 84.87915245 0.36620209275457
10.70324848 0.815762713 t1070.dat 84.71084746 0.36475816639486397
10.76676059 0.820254383 t1075.dat 84.34477614 0.3619199888899899
10.8282823 0.824608087 t1080.dat 83.95222038 0.3595567829832083
10.85964766 0.826829534 t1085.dat 83.78072723 0.3581281292547758
10.92238272 0.8312756609999999 t1090.dat 83.39997082 0.3556375720462157
10.95254465 0.833414151 t1095.dat 83.19041532 0.35468713226757415
11.01267059 0.8376798089999999 t1100.dat 82.84857121 0.35218466357403594
11.07404551 0.8420382820000001 t1105.dat 82.50368306 0.3496491256545821
11.10521938 0.844253724 t1110.dat 82.32911161 0.3483764711506796
11.16711055 0.8486550039999999 t1115.dat 81.96754389 0.3460168562585945
11.22905004 0.853063573 t1120.dat 81.61798946 0.34360434894047176
11.26008605 0.855274152 t1125.dat 81.44959397 0.34235820477228013
11.32241848 0.8597166030000001 t1130.dat 81.07721058 0.3401818116385509
11.35386908 0.8619596489999999 t1135.dat 80.92740243 0.33878378849028234
11.41590103 0.866386013 t1140.dat 80.56200779 0.3366508916388264
11.47767174 0.870797063 t1145.dat 80.21847095 0.3344067251564875
11.50864626 0.873010406 t1150.dat 80.05113107 0.33325864369070624
11.57175113 0.877523025 t1155.dat 79.72021516 0.3308736198408151
11.603305 0.879780789 t1160.dat 79.53797628 0.32983909623805274
11.66424385 0.884142746 t1165.dat 79.17605988 0.32795910545145956
11.72527715 0.88851485 t1170.dat 78.86613969 0.32568622432239014
11.75536902 0.8906714859999999 t1175.dat 78.68864213 0.3247864330305383
11.81541094 0.8949771240000001 t1180.dat 78.37533655 0.32268589868930464
11.87457922 0.8992229500000001 t1185.dat 78.05242922 0.3207743497197529
11.90463447 0.901381113 t1190.dat 77.91385275 0.31960966704635024
11.96581301 0.90577711 t1195.dat 77.61467211 0.317411714163538
12.02850016 0.910285472 t1200.dat 77.27709299 0.3154570527036593
12.05929707 0.9125013660000001 t1205.dat 77.11163017 0.31450987810459136
12.11959671 0.9168421880000001 t1210.dat 76.80454284 0.312548230988861
12.15040477 0.919061453 t1215.dat 76.6562001 0.31149164348606523
12.20988946 0.923348055 t1220.dat 76.32865897 0.30981543335548345
12.26772964 0.927518517 t1225.dat 76.03554843 0.3080161565233709
12.32832792 0.93189203 t1230.dat 75.76926406 0.30583817849968536
12.35980022 0.934165184 t1235.dat 75.61885902 0.3048199283545209
12.4212222 0.9386034349999999 t1240.dat 75.29282415 0.30312449773262884
12.45054539 0.940722962 t1245.dat 75.13739531 0.3023271309592853
12.51146124 0.945129068 t1250.dat 74.8669448 0.3002762935353289
12.57292096 0.949577927 t1255.dat 74.56848503 0.2984503939987896
12.60345211 0.951789172 t1260.dat 74.41692822 0.2975835162163535
12.66501751 0.9562506799999999 t1265.dat 74.1306193 0.29570869945722716
12.7277751 0.960802492 t1270.dat 73.84159133 0.29381243438693333
12.75961742 0.9631135759999999 t1275.dat 73.70289283 0.2928013308306212
12.82090428 0.967563108 t1280.dat 73.3788207 0.2913367496583652
12.87813558 0.9717195719999999 t1285.dat 73.10447884 0.2897769302583062
12.90735148 0.973842819 t1290.dat 72.98750437 0.2888091855324886
12.96829596 0.9782749589999999 t1295.dat 72.71656926 0.2870285229729801
13.02698732 0.9825455169999999 t1300.dat 72.42643896 0.2855764091734477
13.05592466 0.9846518980000001 t1305.dat 72.29408957 0.2847874690763111
13.11612181 0.989036926 t1310.dat 72.05358292 0.2828954398884807
13.17807477 0.9935538449999999 t1315.dat 71.78487515 0.28114768050519795
13.2098037 0.9958687019999999 t1320.dat 71.64883991 0.28025285910394354
13.27111295 1.000343196 t1325.dat 71.36386729 0.27872171609929197
