#t(Gyr) a(1) filename H(km/s/Mpc)
0.57191009 0.103024666 t10.dat 1139.79724011 1.0002205682499339
0.63441009 0.110400092 t15.dat 1027.50813855 1.0002205704828022
0.69691009 0.117536807 t20.dat 935.35957105 1.000220552700616
0.75941009 0.124463009 t25.dat 858.37879407 1.0002205662900785
0.82191009 0.13120154 t30.dat 793.1056219 1.000220552251526
0.88441009 0.137771224 t35.dat 737.05797481 1.0002205643017932
0.94691009 0.144187813 t40.dat 688.40908354 1.0002205672023652
1.00941009 0.150464653 t45.dat 645.78461379 1.000220561693209
1.07191009 0.156613177 t50.dat 608.1307653 1.0002205664521766
1.13441009 0.162643277 t55.dat 574.6259731 1.0002205572553307
1.19691009 0.168563581 t60.dat 544.62027349 1.0002205524856747
1.25547616 0.174018349 t65.dat 519.21455583 1.000220562896842
1.30552768 0.17861316 t70.dat 499.30882865 1.0002205575204226
1.35454413 0.183056366 t75.dat 481.24050119 1.000220561872102
1.40029816 0.187155708 t80.dat 465.51621354 1.0002205527179677
1.44594439 0.191201132 t85.dat 450.82058466 1.0002205555713286
1.49108378 0.195159978 t90.dat 437.17295203 1.0002205634192272
1.53656332 0.199108457 t95.dat 424.23340829 1.0002205571791205
1.58418313 0.20320122399999999 t100.dat 411.4811505 1.0002205636952755
1.62926738 0.207038434 t105.dat 400.09485376 1.0002205567690854
1.67383669 0.21079717599999998 t110.dat 389.44151274 1.0002205577872896
1.72010626 0.214664181 t115.dat 378.96582839 1.0002205546988432
1.7665582 0.21851170199999997 t120.dat 369.00085866 1.0002205565892692
1.81216075 0.22225619700000002 t125.dat 359.71504826 1.000220564264122
1.85651133 0.225867876 t130.dat 351.12174233 1.0002205644586792
1.90198249 0.22954107399999998 t135.dat 342.72738964 1.0002205531143005
1.94831466 0.233253838 t140.dat 334.57711231 1.0002205578754757
1.99241161 0.23676024199999998 t145.dat 327.17210132 1.0002205579257017
2.03475566 0.24010299499999999 t150.dat 320.36352284 1.0002205549915557
2.0746561 0.243231683 t155.dat 314.20219073 1.0002205584383836
2.11209961 0.246149523 t160.dat 308.63198259 1.0002205565761713
2.1472179 0.248870534 t165.dat 303.58422911 1.0002205579415198
2.18085656 0.251463025 t170.dat 298.90158878 1.0002205542302103
2.21255723 0.253893983 t175.dat 294.61904144 1.0002205621074682
2.24350556 0.256256073 t180.dat 290.55488129 1.000220559990214
2.27500717 0.258649264 t185.dat 286.53162041 1.0002205574660303
2.30593049 0.260987801 t190.dat 282.68913286 1.0002205589997706
2.33723687 0.263344682 t195.dat 278.90262144 1.0002205623453075
2.36924738 0.265743718 t200.dat 275.1344144 1.0002205558139718
2.40240054 0.268217027 t205.dat 271.33755592 1.0002205618924067
2.43516409 0.270650118 t210.dat 267.6868849 1.000220563367434
2.46888931 0.27314325500000003 t215.dat 264.03026175 1.0002205538742737
2.50217962 0.275593131 t220.dat 260.51746476 1.0002205567253581
2.53526956 0.278017518 t225.dat 257.11723094 1.0002205630510872
2.56850022 0.28044162300000003 t230.dat 253.7907084 1.0002205598155616
2.60284553 0.282936079 t235.dat 250.44186517 1.000220560684228
2.63711909 0.28541441 t240.dat 247.18697457 1.000220558570162
2.67197025 0.287923522 t245.dat 243.9628542 1.0002205637279835
2.70475642 0.290274025 t250.dat 241.00561657 1.000220557297297
2.73961176 0.29276247899999996 t255.dat 237.93936716 1.0002205582283985
2.77506261 0.295282647 t260.dat 234.89974103 1.0002205585926858
2.81090254 0.297819589 t265.dat 231.90469263 1.0002205554817707
2.84613135 0.300302785 t270.dat 229.03422526 1.0002205637889918
2.88041293 0.302709396 t275.dat 226.30834706 1.0002205638249997
2.91559437 0.305169273 t280.dat 223.57756455 1.0002205602241985
2.95187315 0.307695536 t285.dat 220.82977636 1.0002205583626356
2.98877996 0.310254934 t290.dat 218.10287045 1.0002205557880988
3.02581096 0.31281237700000003 t295.dat 215.43364666 1.0002205612352684
3.06256737 0.315340561 t300.dat 212.84804831 1.0002205578041092
3.09778725 0.317753586 t305.dat 210.42810075 1.000220558036378
3.13337509 0.32018255 t310.dat 208.03812801 1.0002205591953737
3.16835097 0.322560803 t315.dat 205.74156497 1.00022055701576
3.20264105 0.324883941 t320.dat 203.53872887 1.0002205630695422
3.27069541 0.329470197 t325.dat 199.30363589 1.0002205633801178
3.30335737 0.33166000900000003 t330.dat 197.3330205 1.000220559558533
3.36663754 0.33588219 t335.dat 193.6238994 1.0002205566308593
3.42882807 0.340005969 t340.dat 190.11203635 1.0002205593780347
3.46102872 0.34213134900000003 t345.dat 188.34327624 1.0002205613874882
3.52656122 0.346436536 t350.dat 184.84337755 1.000220555111531
3.55930381 0.348577573 t355.dat 183.14297464 1.0002205565684896
3.62715833 0.3529938 t360.dat 179.71685482 1.0002205598198872
3.66080677 0.355173542 t365.dat 178.06498058 1.000220557728035
3.72998303 0.359633914 t370.dat 174.76258765 1.0002205589568074
3.76601224 0.361946088 t375.dat 173.09064466 1.0002205587674509
3.8018342 0.364237663 t380.dat 171.45973552 1.0002205599618867
3.86935915 0.36853784900000003 t385.dat 168.46755778 1.0002205624607825
3.90209334 0.370613446 t390.dat 167.05430373 1.0002205582592054
3.97113563 0.374972325 t395.dat 164.14989242 1.0002205592625837
4.00743991 0.37725419800000004 t400.dat 162.66282235 1.0002205620678233
4.0781171 0.381676889 t405.dat 159.84373945 1.000220555874309
4.11176327 0.383773342 t410.dat 158.53575299 1.0002205592257953
4.17703935 0.387824386 t415.dat 156.05825846 1.000220556462033
4.20936387 0.38982263100000003 t420.dat 154.85985674 1.0002205603175316
4.27443767 0.393829939 t425.dat 152.50227906 1.0002205573126424
4.30535397 0.395726662 t430.dat 151.40717583 1.0002205570388567
4.3671439 0.399503944 t435.dat 149.26494315 1.0002205559135218
4.43140956 0.40341371800000003 t440.dat 147.10025719 1.000220561455973
4.4651632 0.405459637 t445.dat 145.98827783 1.0002205575663616
4.53196492 0.409493578 t450.dat 143.83639265 1.0002205612517778
4.56564256 0.411519742 t455.dat 142.77540934 1.0002205590004198
4.60073913 0.41362597900000003 t460.dat 141.68625234 1.00022056177082
4.67031967 0.417785928 t465.dat 139.57534642 1.0002205577287246
4.70605023 0.419914084 t470.dat 138.51562422 1.000220561770679
4.77558957 0.42404056 t475.dat 136.49864096 1.0002205565662032
4.81053995 0.42610695200000004 t480.dat 135.50692685 1.0002205594164482
4.87953286 0.430171434 t485.dat 133.59096133 1.0002205590836395
4.91409669 0.432200436 t490.dat 132.65133494 1.0002205592342643
4.98359403 0.436265805 t495.dat 130.80148205 1.0002205606534695
5.01805563 0.43827468300000005 t500.dat 129.90320019 1.0002205559571953
5.05246587 0.440275983 t505.dat 129.01848369 1.0002205559909636
5.12145352 0.444274677 t510.dat 127.2805626 1.0002205586222015
5.15552378 0.446242845 t515.dat 126.43942947 1.0002205579333672
5.22152977 0.45004358499999997 t520.dat 124.84109319 1.000220557070808
5.25266558 0.451830875 t525.dat 124.10108254 1.0002205571704879
5.31226036 0.455241981 t530.dat 122.7088736 1.000220557119858
5.37410373 0.458768333 t535.dat 121.29678124 1.0002205614750852
5.40546998 0.460551685 t540.dat 120.59293408 1.0002205621400704
5.46736345 0.464060602 t545.dat 119.22775786 1.0002205608277648
5.53187326 0.46770378399999996 t550.dat 117.83738605 1.0002205606556336
5.56595313 0.46962272 t555.dat 117.11587746 1.000220558689938
5.63255156 0.47336141400000004 t560.dat 115.73111731 1.0002205570513567
5.66687383 0.475282436 t565.dat 115.03017429 1.0002205596904616
5.70083526 0.47717944799999995 t570.dat 114.34490822 1.0002205590465556
5.76778508 0.480908126 t575.dat 113.01764471 1.0002205604749412
5.80169904 0.48279141000000003 t580.dat 112.35699746 1.000220556329659
5.8702439 0.486586625 t585.dat 111.04504265 1.0002205588738775
5.90392858 0.488446273 t590.dat 110.41147866 1.0002205570977065
5.97035443 0.49210315 t595.dat 109.18304647 1.0002205608748036
6.00377602 0.493937945 t600.dat 108.57525038 1.000220561533307
6.07096015 0.497615987 t605.dat 107.37370506 1.000220558263075
6.10285818 0.499357513 t610.dat 106.81249108 1.0002205570101463
6.16500493 0.50274183 t615.dat 105.7357604 1.0002205615854585
6.22852784 0.506189357 t620.dat 104.6573928 1.0002205593496887
6.26046787 0.507918382 t625.dat 104.12344547 1.0002205563657027
6.32391155 0.511344114 t630.dat 103.0788428 1.0002205577311731
6.35574081 0.5130584619999999 t635.dat 102.56262862 1.000220561244313
6.42148375 0.516590397 t640.dat 101.51259579 1.0002205567578093
6.45521483 0.518397864 t645.dat 100.9821519 1.0002205574398693
6.52214675 0.521975093 t650.dat 99.94584754 1.0002205601703598
6.55572006 0.5237648349999999 t655.dat 99.43400242 1.0002205562376278
6.62092174 0.527231933 t660.dat 98.45479378 1.0002205563932738
6.6534302 0.5289563150000001 t665.dat 97.97374653 1.0002205613624937
6.72147015 0.532556373 t670.dat 96.98198015 1.0002205566460802
6.75624232 0.534391508 t675.dat 96.48284554 1.0002205597779459
6.82469878 0.537995193 t680.dat 95.51505567 1.0002205585014365
6.85803478 0.539745701 t685.dat 95.05076969 1.0002205591727398
6.92366446 0.54318372 t690.dat 94.14977975 1.0002205588981072
6.95525451 0.544834693 t695.dat 93.72216113 1.0002205613621622
7.01826413 0.548120286 t700.dat 92.88072834 1.0002205593816362
7.08152128 0.5514089099999999 t705.dat 92.05105203 1.0002205611419155
7.11347815 0.5530665650000001 t710.dat 91.63751835 1.0002205576045455
7.17835369 0.556424151 t715.dat 90.8093293 1.0002205595069389
7.21117341 0.558118857 t720.dat 90.39603496 1.0002205601721568
7.27729559 0.56152541 t725.dat 89.57468833 1.0002205578199634
7.3099635 0.5632046199999999 t730.dat 89.17438286 1.0002205609979349
7.37433359 0.5665060989999999 t735.dat 88.39598536 1.0002205583272226
7.40589157 0.568121166 t740.dat 88.01931243 1.0002205572987204
7.46756507 0.5712708710000001 t745.dat 87.29237417 1.0002205604701027
7.53012079 0.574456787 t750.dat 86.56720151 1.0002205613605102
7.56153467 0.576053343 t755.dat 86.20756403 1.0002205616222777
7.62398382 0.5792206639999999 t760.dat 85.50142543 1.0002205594548554
7.65528747 0.580805079 t765.dat 85.15179694 1.0002205609941208
7.71971914 0.5840594699999999 t770.dat 84.44108808 1.0002205591733713
7.75282746 0.585728221 t775.dat 84.08048378 1.0002205595142952
7.81769805 0.588991008 t780.dat 83.38279117 1.0002205608293964
7.8807654 0.592154458 t785.dat 82.71550419 1.0002205581367305
7.91086594 0.59366132 t790.dat 82.40077492 1.0002205584516415
7.96616676 0.596424761 t795.dat 81.82875199 1.0002205614056976
8.01784911 0.599001609 t800.dat 81.301291 1.0002205616074773
8.0706306 0.601627552 t805.dat 80.76958489 1.0002205577023795
8.12406314 0.60428006 t810.dat 80.23835766 1.0002205570484635
8.15045718 0.6055881710000001 t815.dat 79.97851771 1.0002205584558834
8.20379814 0.608227493 t820.dat 79.45849868 1.0002205594940639
8.26294481 0.611147404 t825.dat 78.8897298 1.0002205605348664
8.32432661 0.6141703 t830.dat 78.30801385 1.0002205608273733
8.35644913 0.615749289 t835.dat 78.00699476 1.000220561056512
8.42151788 0.618941572 t840.dat 77.40427477 1.000220557002356
8.45462713 0.620562759 t845.dat 77.10115108 1.0002205593561266
8.5214509 0.62382834 t850.dat 76.49653697 1.0002205601536156
8.55484501 0.625457062 t855.dat 76.19793024 1.0002205609062682
8.62312677 0.628780769 t860.dat 75.59456108 1.0002205607363799
8.6581179 0.6304806089999999 t865.dat 75.28905136 1.0002205582818098
8.7253273 0.633739176 t870.dat 74.70911532 1.0002205589431943
8.75963625 0.6353993769999999 t875.dat 74.41650141 1.0002205613125283
8.82598902 0.638604036 t880.dat 73.85704669 1.000220558373076
8.85995331 0.6402413100000001 t885.dat 73.57391856 1.0002205585716641
8.92978141 0.64360087 t890.dat 72.99859351 1.0002205575270233
8.96452123 0.645269003 t895.dat 72.71570526 1.0002205607610049
9.03208777 0.6485072510000001 t900.dat 72.17173927 1.0002205586626522
9.0641404 0.650040606 t905.dat 71.9165254 1.000220557056684
9.12887441 0.653131894 t910.dat 71.40655617 1.0002205581548256
9.16009395 0.654620129 t915.dat 71.16318748 1.000220561261209
9.21829217 0.6573899329999999 t920.dat 70.71391003 1.0002205612905526
9.27539179 0.660101793 t925.dat 70.27859291 1.0002205574722076
9.30417653 0.66146677 t930.dat 70.06116888 1.0002205589836368
9.36367453 0.664283722 t935.dat 69.61599115 1.0002205572955787
9.42498053 0.667180039 t940.dat 69.16316499 1.0002205609124415
9.45629789 0.6686571609999999 t945.dat 68.93411048 1.0002205588643749
9.52194665 0.671748284 t950.dat 68.45884645 1.0002205612855475
9.55557041 0.673328734 t955.dat 68.21795614 1.0002205597022984
9.62175245 0.6764341469999999 t960.dat 67.74872733 1.0002205589976687
9.6556045 0.678019809 t965.dat 67.51120378 1.0002205611014479
9.7220181 0.681125313 t970.dat 67.05001743 1.0002205594693419
9.75373067 0.682605699 t975.dat 66.83201588 1.000220559222284
9.81546707 0.685483045 t980.dat 66.4116622 1.0002205581645005
9.87740648 0.6883637969999999 t985.dat 65.99520678 1.000220557786793
9.90809209 0.689788728 t990.dat 65.79081797 1.0002205598134966
9.96901868 0.6926135920000001 t995.dat 65.38873126 1.0002205595621256
10.03037666 0.6954526480000001 t1000.dat 64.98873423 1.0002205585173571
10.0605429 0.696846327 t1005.dat 64.79386747 1.0002205579339025
10.12219994 0.699690555 t1010.dat 64.39919058 1.0002205582949864
10.15366425 0.701139771 t1015.dat 64.19962955 1.0002205597565046
10.2177508 0.7040869169999999 t1020.dat 63.79696434 1.0002205589090756
10.27964228 0.706927275 t1025.dat 63.41285671 1.000220560757206
10.31021024 0.708328013 t1030.dat 63.22484873 1.0002205613626327
10.37078095 0.711099508 t1035.dat 62.85558301 1.0002205575373655
10.40168669 0.712511561 t1040.dat 62.66882503 1.0002205611447197
10.46128017 0.71523039 t1045.dat 62.31182726 1.0002205595741542
10.52044868 0.717924727 t1050.dat 61.96137663 1.0002205599395673
10.55052431 0.719292334 t1055.dat 61.78474774 1.000220561088684
10.61158032 0.7220647010000001 t1060.dat 61.42925588 1.0002205571866207
10.67128338 0.724770496 t1065.dat 61.08557518 1.0002205579078791
10.70052907 0.726094094 t1070.dat 60.91862175 1.0002205610087473
10.76149427 0.728849382 t1075.dat 60.57351019 1.0002205574591112
10.82287422 0.731618161 t1080.dat 60.22997866 1.0002205610041441
10.85386306 0.733014044 t1085.dat 60.05801615 1.00022056043485
10.91578394 0.735799279 t1090.dat 59.71733102 1.0002205575693754
10.9767484 0.738536352 t1095.dat 59.38566314 1.0002205596439795
11.00837515 0.739954277 t1100.dat 59.21504984 1.0002205570879303
11.07097846 0.742756978 t1105.dat 58.88020516 1.0002205612220603
11.10259721 0.7441705169999999 t1110.dat 58.712522 1.0002205597577216
11.1657617 0.74699032 t1115.dat 58.38038643 1.0002205572552225
11.22880358 0.749799351 t1120.dat 58.05262139 1.0002205607850287
11.26111203 0.751236919 t1125.dat 57.88606679 1.0002205600711165
11.32622165 0.7541298089999999 t1130.dat 57.55330445 1.000220560572395
11.35857819 0.755565382 t1135.dat 57.38935562 1.0002205602140135
11.42154942 0.758355346 t1140.dat 57.07294684 1.0002205586804669
11.45321537 0.75975638 t1145.dat 56.91515103 1.0002205576035101
11.51890644 0.7626587149999999 t1150.dat 56.59057017 1.00022056010636
11.55111175 0.7640795810000001 t1155.dat 56.43279166 1.0002205601617653
11.61453345 0.766873828 t1160.dat 56.12463778 1.0002205601291514
11.67606529 0.769579955 t1165.dat 55.82886586 1.0002205572067489
11.70682947 0.770931158 t1170.dat 55.6821541 1.0002205602829652
11.76898576 0.773657539 t1175.dat 55.38807643 1.0002205599453036
11.82894696 0.776283092 t1180.dat 55.10731301 1.0002205576281682
11.85908552 0.777601108 t1185.dat 54.96726387 1.000220560688302
11.92076621 0.7802950479999999 t1190.dat 54.68285104 1.0002205597697034
11.95221956 0.781667002 t1195.dat 54.53894813 1.0002205604772845
12.01730333 0.784502056 t1200.dat 54.24357402 1.0002205589835977
12.08091012 0.7872678310000001 t1205.dat 53.95797803 1.0002205597985436
12.1129377 0.788658629 t1210.dat 53.81530882 1.000220558581245
12.17830863 0.791493564 t1215.dat 53.5264381 1.0002205586030726
12.21114125 0.792915499 t1220.dat 53.38251922 1.0002205603035226
12.27405385 0.795636601 t1225.dat 53.10889872 1.0002205587845425
12.30434219 0.796944977 t1230.dat 52.97816599 1.0002205574093028
12.36492908 0.799558953 t1235.dat 52.71857835 1.0002205579044863
12.42485995 0.8021404280000001 t1240.dat 52.46429218 1.0002205582811092
12.4547484 0.803426298 t1245.dat 52.33839029 1.0002205583140877
12.5147407 0.806004205 t1250.dat 52.08749412 1.0002205595792217
12.57806857 0.808720979 t1255.dat 51.82524478 1.0002205589184776
12.61031409 0.810102563 t1260.dat 51.69272377 1.0002205599286942
12.67237041 0.8127581060000001 t1265.dat 51.43958562 1.0002205595072564
12.70353586 0.8140901169999999 t1270.dat 51.31338942 1.0002205590647524
12.76606498 0.81675933 t1275.dat 51.06205271 1.000220559076727
12.82494839 0.819268935 t1280.dat 50.8276106 1.000220561039529
12.85409693 0.820509822 t1285.dat 50.71235158 1.000220558854596
12.91332034 0.823028145 t1290.dat 50.47977326 1.0002205586153625
12.97482315 0.825639322 t1295.dat 50.24049075 1.0002205597419616
13.00610434 0.8269658200000001 t1300.dat 50.11965657 1.0002205582645658
13.06873532 0.829618533 t1305.dat 49.87946167 1.0002205606005847
13.10067792 0.8309698190000001 t1310.dat 49.75784358 1.0002205580827364
13.16449972 0.833666423 t1315.dat 49.5166164 1.000220560180077
13.22661392 0.836286697 t1320.dat 49.2840788 1.0002205589620858
13.25686452 0.837561326 t1325.dat 49.17161833 1.0002205601927372
13.31697616 0.8400912970000001 t1330.dat 48.94966204 1.0002205581080528
13.37731842 0.842627147 t1335.dat 48.72886047 1.0002205606377357
13.40859011 0.843939823 t1340.dat 48.61521438 1.000220559269294
13.47098363 0.846555839 t1345.dat 48.3900434 1.0002205589046667
13.5025304 0.847876984 t1350.dat 48.27698684 1.0002205601050695
13.564427 0.8504661629999999 t1355.dat 48.05669141 1.0002205574420062
13.62745392 0.8530985790000001 t1360.dat 47.8344294 1.0002205603666314
13.65866889 0.854400818 t1365.dat 47.72511053 1.0002205581663364
13.71847506 0.856893068 t1370.dat 47.51705124 1.0002205578975571
13.7799693 0.859451889 t1375.dat 47.30500253 1.0002205598009666
13.80941028 0.860675603 t1380.dat 47.20415061 1.0002205582272947
13.868676 0.863136347 t1385.dat 47.00243069 1.0002205603054433
13.93151652 0.8657416939999999 t1390.dat 46.79041808 1.0002205582558021
13.96347814 0.8670653079999999 t1395.dat 46.68331744 1.0002205599003824
14.02479879 0.869601934 t1400.dat 46.47920388 1.0002205583597268
14.05592774 0.8708882170000001 t1405.dat 46.37626876 1.0002205578510572
14.11929595 0.873503732 t1410.dat 46.1681294 1.0002205596262825
14.15058348 0.874793678 t1415.dat 46.06604973 1.0002205595644533
14.21107272 0.8772848809999999 t1420.dat 45.86997023 1.0002205606598702
14.27153972 0.879771639 t1425.dat 45.67562403 1.0002205590309616
14.30269585 0.88105159 t1430.dat 45.57612701 1.0002205602164747
14.36488997 0.883603864 t1435.dat 45.37880094 1.0002205597797624
14.42720601 0.88615745 t1440.dat 45.18279436 1.0002205580484755
14.459158 0.887465351 t1445.dat 45.08294898 1.000220560514931
14.52174314 0.890024382 t1450.dat 44.88865257 1.0002205604140204
14.5534949 0.8913212680000001 t1455.dat 44.79071775 1.0002205585189832
14.61855744 0.893975773 t1460.dat 44.59136854 1.000220560778671
14.65115192 0.8953041239999999 t1465.dat 44.49216595 1.000220559212274
14.71557094 0.897926554 t1470.dat 44.29739662 1.0002205599677132
14.78002269 0.90054649 t1475.dat 44.10422745 1.0002205588686555
14.81157196 0.9018275649999999 t1480.dat 44.0102836 1.0002205600688987
14.87365155 0.904345689 t1485.dat 43.82659365 1.000220558061171
14.90399711 0.9055753149999999 t1490.dat 43.7373597 1.0002205595981286
14.96502355 0.908045632 t1495.dat 43.55900145 1.0002205591141438
15.02456563 0.910452628 t1500.dat 43.38637792 1.0002205603173868
15.05373953 0.911630826 t1505.dat 43.30229582 1.0002205602374379
15.11209135 0.9139851030000001 t1510.dat 43.13509411 1.0002205596813187
15.17065179 0.916344753 t1515.dat 42.96858775 1.0002205582500314
15.20048721 0.917545782 t1520.dat 42.88424925 1.0002205578453003
15.26189116 0.9200151350000001 t1525.dat 42.71171086 1.0002205598644383
15.32519878 0.92255758 t1530.dat 42.53527095 1.0002205593017441
15.35719108 0.9238410650000001 t1535.dat 42.4466609 1.0002205582051555
15.42063308 0.926383632 t1540.dat 42.27203117 1.0002205599253975
15.45195712 0.927637721 t1545.dat 42.18633778 1.00022055834056
15.51406814 0.930121894 t1550.dat 42.01744354 1.0002205581349948
15.57535249 0.932569756 t1555.dat 41.85211749 1.0002205583233845
15.60537671 0.933767832 t1560.dat 41.77159543 1.000220559036667
15.66404193 0.9361065740000001 t1565.dat 41.61515177 1.000220560437988
15.72333183 0.938467255 t1570.dat 41.45822842 1.0002205597730138
15.75269689 0.9396353530000001 t1575.dat 41.38094492 1.0002205586736548
15.81375769 0.9420619379999999 t1580.dat 41.22116295 1.0002205575035965
15.87741516 0.9445883930000001 t1585.dat 41.05589453 1.000220558209528
15.90886322 0.9458352659999999 t1590.dat 40.97473673 1.0002205577994634
15.96978569 0.948248424 t1595.dat 40.81842392 1.0002205581674588
16.02970932 0.950619026 t1600.dat 40.665833 1.0002205583144477
16.0594077 0.95179281 t1605.dat 40.5906304 1.0002205591964404
16.11857842 0.95412929 t1610.dat 40.44162366 1.0002205606264134
16.17914921 0.9565180959999999 t1615.dat 40.29022009 1.0002205594475697
16.21061177 0.957757748 t1620.dat 40.21202232 1.000220558918198
16.27289994 0.960209592 t1625.dat 40.05810179 1.0002205593663127
16.30404845 0.961434515 t1630.dat 39.98157171 1.0002205579789327
16.36476868 0.963820112 t1635.dat 39.83322314 1.0002205593014222
16.42579993 0.9662149579999999 t1640.dat 39.68521991 1.0002205585122899
16.45519516 0.9673673580000001 t1645.dat 39.61432703 1.0002205596224292
16.51343486 0.9696485429999999 t1650.dat 39.47461492 1.00022055891624
16.57179737 0.971931849 t1655.dat 39.33559333 1.0002205593531952
16.60255415 0.973134062 t1660.dat 39.26272286 1.0002205597045184
16.66591419 0.975608327 t1665.dat 39.11345486 1.000220557720449
16.73148683 0.9781656950000001 t1670.dat 38.96016469 1.000220560378887
16.76441834 0.9794487820000001 t1675.dat 38.88363253 1.000220558930268
16.82935792 0.981976517 t1680.dat 38.73359193 1.0002205581435382
16.86155402 0.983228525 t1685.dat 38.65963252 1.0002205588216901
16.92430468 0.985666419 t1690.dat 38.51629325 1.000220560261857
16.95377322 0.986810247 t1695.dat 38.44934539 1.0002205584544932
17.01099873 0.9890295760000001 t1700.dat 38.32000064 1.0002205581474772
17.06866443 0.9912634600000001 t1705.dat 38.19053827 1.00022055980088
17.12613756 0.9934873830000001 t1710.dat 38.0623757 1.0002205594870124
17.15600603 0.994642161 t1715.dat 37.99610941 1.0002205592082045
17.21871974 0.997064627 t1720.dat 37.85772067 1.0002205585786572
17.25089994 0.998306522 t1725.dat 37.78710006 1.0002205576112222
17.31459521 1.000762368 t1730.dat 37.64809251 1.0002205581292554
