#t(Gyr) a(1) filename H(km/s/Mpc)
0.57231759 0.103024822 t10.dat 1139.91362409 0.9977791630520905
0.63481759 0.11040200200000001 t15.dat 1027.8778013 0.9972180186055444
0.69731759 0.117542442 t20.dat 935.94348681 0.9965992525810208
0.75981759 0.124474383 t25.dat 859.15023028 0.9959230157667626
0.82231759 0.131220717 t30.dat 794.04565194 0.9951894744653865
0.88481759 0.137800332 t35.dat 738.15282166 0.9943987671166759
0.94731759 0.144229043 t40.dat 689.64847859 0.9935510962345794
1.00981759 0.150520265 t45.dat 647.16074542 0.992646650496914
1.07231759 0.156685502 t50.dat 609.63758392 0.991685654318585
1.13481759 0.162734718 t55.dat 576.25871938 0.9906683100778046
1.19731759 0.168676615 t60.dat 546.37515029 0.9895948543627349
1.25607747 0.17417191599999998 t65.dat 521.0013089 0.9885347040413678
1.30630415 0.178803642 t70.dat 501.12860113 0.9875895261889674
1.3553747 0.183273667 t75.dat 483.14152531 0.9866315452235583
1.40128039 0.18740854199999998 t80.dat 467.46006513 0.9857045494472708
1.44695986 0.191480175 t85.dat 452.84820964 0.9847526995582375
1.49210063 0.195463631 t90.dat 439.2919989 0.983783341888755
1.53754246 0.199435051 t95.dat 426.45366352 0.9827787838114196
1.585109 0.203552416 t100.dat 413.80807031 0.981696495090801
1.63036326 0.207433436 t105.dat 402.46629764 0.9806377703185041
1.67508131 0.211235188 t110.dat 391.8647463 0.9795638554251775
1.72137896 0.21513771199999998 t115.dat 381.47299209 0.978423126011234
1.76789033 0.21902522000000002 t120.dat 371.58524604 0.9772476574333469
1.81345174 0.22280242499999997 t125.dat 362.39493719 0.9760677274237308
1.85793382 0.226461713 t130.dat 353.86065325 0.9748886704329451
1.90340677 0.230174491 t135.dat 345.55202536 0.9736558496907975
1.94987321 0.233940131 t140.dat 337.46571021 0.9723675326495839
1.99405481 0.23749501899999997 t145.dat 330.12975722 0.9711159241471103
2.03687541 0.240917376 t150.dat 323.32640792 0.9698782265127925
2.07713518 0.244115026 t155.dat 317.18834616 0.9686925403059716
2.11489289 0.247096807 t160.dat 311.6463414 0.9675612598868469
2.15046942 0.249891561 t165.dat 306.60449974 0.9664783255372552
2.18446078 0.252548728 t170.dat 301.94244901 0.9654283204588775
2.21659567 0.255049307 t175.dat 297.66803765 0.9644219472384076
2.24769601 0.257459006 t180.dat 293.64901734 0.9634353318492574
2.27945181 0.259909183 t185.dat 289.65985239 0.9624151592582233
2.31037656 0.262285437 t190.dat 285.88181662 0.9614093421957594
2.34187969 0.26469639300000003 t195.dat 282.13705781 0.9603722473997202
2.37369294 0.26712131299999997 t200.dat 278.45765969 0.9593122218618357
2.40673015 0.269629349 t205.dat 274.74108047 0.9581979651086607
2.43950495 0.27210743000000004 t210.dat 271.15489964 0.9570790792862851
2.47351203 0.274668343 t215.dat 267.53580861 0.9559039959085817
2.50688376 0.277171385 t220.dat 264.08121703 0.9547369610801486
2.54013039 0.279655376 t225.dat 260.73122459 0.9535606721738643
2.57327359 0.282122231 t230.dat 257.47917369 0.9523745805243706
2.60755844 0.284664378 t235.dat 254.20350276 0.9511335548383413
2.64150745 0.28717212000000003 t240.dat 251.04509968 0.9498906601491691
2.67564854 0.289684709 t245.dat 247.95103645 0.9486267490963118
2.7091718 0.2921429 t250.dat 244.99017188 0.9473721301294473
2.74370209 0.294665869 t255.dat 242.01736949 0.9460658387425332
2.77903238 0.297237961 t260.dat 239.05356414 0.944714694702818
2.81575481 0.299901609 t265.dat 236.05329304 0.9432947627116066
2.85128421 0.302469417 t270.dat 233.22547673 0.9419059724735158
2.88540173 0.304926747 t275.dat 230.57688174 0.9405585856558122
2.92098276 0.307480857 t280.dat 227.88192559 0.9391391116842902
2.95712603 0.310066487 t285.dat 225.21216819 0.9376823633749176
2.99397972 0.312693952 t290.dat 222.55772598 0.9361816899550642
3.03165099 0.31537052 t295.dat 219.91255912 0.9346318784599399
3.06893123 0.31801035299999997 t300.dat 217.36021662 0.9330824997843964
3.10429402 0.320506346 t305.dat 214.99711044 0.9315985255070278
3.14018144 0.32303150399999997 t310.dat 212.65464203 0.9300784125132969
3.17538087 0.32550070400000003 t315.dat 210.40975773 0.9285737195663283
3.21026241 0.327940371 t320.dat 208.23490895 0.9270693258773505
3.2776873 0.332636265 t325.dat 204.16552198 0.9241242015261036
3.31100965 0.33494758999999996 t330.dat 202.2171608 0.9226507699658998
3.3753864 0.33939574 t335.dat 198.56491997 0.9197710301980441
3.40599929 0.341503189 t340.dat 196.87795515 0.9183864486656086
3.46876666 0.345808991 t345.dat 193.51483412 0.9155173335533022
3.50122564 0.34802780699999997 t350.dat 191.82434238 0.9140178275213005
3.56641118 0.352468016 t355.dat 188.52516226 0.9109743504099851
3.63418574 0.35706297 t360.dat 185.22431525 0.9077651428639106
3.66869226 0.359394212 t365.dat 183.59208662 0.9061138860736283
3.70256902 0.36167764 t370.dat 182.02021763 0.9044815204800253
3.77229616 0.366361489 t375.dat 178.87674089 0.9010870412396192
3.80823393 0.368767344 t380.dat 177.3030795 0.8993195071510354
3.87641761 0.37331697799999997 t385.dat 174.40045636 0.8959328872124914
3.90995837 0.375548019 t390.dat 173.01110658 0.894251224038188
3.97897085 0.380124439 t395.dat 170.22885575 0.8907589628756497
4.01539097 0.382532093 t400.dat 168.80060455 0.8888987836431484
4.05163823 0.384923318 t405.dat 167.40563193 0.8870357960288112
4.1229571 0.389614004 t410.dat 164.73541202 0.8833368111781172
4.15668219 0.391825721 t415.dat 163.50594902 0.8815724218317502
4.2231007 0.396169827 t420.dat 161.14447618 0.8780695236814701
4.25616752 0.398326925 t425.dat 159.99747341 0.8763118758045637
4.32041484 0.402507648 t430.dat 157.82131989 0.872871241029206
4.35108742 0.40449883900000005 t435.dat 156.80608474 0.8712168708246594
4.41389398 0.40856678300000004 t440.dat 154.77330847 0.8678059824231961
4.47915483 0.4127808 t445.dat 152.72434503 0.8642291873994357
4.51260377 0.414935712 t450.dat 151.69825495 0.8623832720436411
4.57935974 0.41922665300000006 t455.dat 149.69746747 0.8586741198409134
4.61316719 0.421394895 t460.dat 148.70741369 0.8567830898664546
4.68278864 0.425850132 t465.dat 146.71591714 0.8528626847568078
4.71739736 0.428059969 t470.dat 145.74898259 0.8509009854582853
4.75263736 0.430306883 t475.dat 144.77966709 0.8488948742749958
4.82238569 0.434744686 t480.dat 142.90523142 0.8448990768617612
4.85719847 0.43695513799999997 t485.dat 141.99093791 0.8428923850306945
4.92641834 0.44134157900000004 t490.dat 140.21360484 0.8388785582623944
4.96097401 0.443527133 t495.dat 139.34598339 0.8368631566730207
5.03180429 0.447998446 t500.dat 137.60706325 0.8327084311575078
5.06662045 0.450192203 t505.dat 136.771224 0.8306547694991137
5.10079327 0.45234287100000004 t510.dat 135.96262017 0.8286318765861486
5.16992911 0.45668641 t515.dat 134.3614775 0.8245179810771254
5.20445423 0.45885181700000005 t520.dat 133.57885364 0.8224531074436404
5.27263256 0.463120991 t525.dat 132.06546156 0.8183555510817526
5.30485177 0.46513535800000005 t530.dat 131.36472033 0.8164101269910324
5.36500348 0.46889088 t535.dat 130.08053952 0.8127629933534867
5.42515666 0.472639921 t540.dat 128.82679156 0.809096556184279
5.45625419 0.474575573 t545.dat 128.19025149 0.807193759985528
5.51676468 0.478337291 t550.dat 126.97371196 0.8034772537950374
5.58183628 0.48237580700000005 t555.dat 125.69707598 0.7994605404585277
5.61572805 0.48447654399999995 t560.dat 125.04475636 0.7973604705956668
5.65030381 0.48661783999999997 t565.dat 124.38795483 0.7952125086779605
5.72011185 0.490935609 t570.dat 123.08795814 0.7908592542397014
5.7555484 0.493124712 t575.dat 122.44106428 0.78864116945392
5.82519719 0.497422156 t580.dat 121.19440901 0.7842660047201611
5.85960996 0.499543049 t585.dat 120.59028496 0.7820968446438137
5.92933193 0.503835356 t590.dat 119.38958938 0.7776874659619673
5.96296366 0.505903642 t595.dat 118.82130189 0.7755537580965833
6.0292383 0.509975403 t600.dat 117.72159445 0.771336666437284
6.06266549 0.512027145 t605.dat 117.17685337 0.7692036169342131
6.12767044 0.51601353 t610.dat 116.13604547 0.7650443328328473
6.15999033 0.517993824 t615.dat 115.6274823 0.7629710396159751
6.22335462 0.5218731209999999 t620.dat 114.64716766 0.7588963951022138
6.25420115 0.523760158 t625.dat 114.17779946 0.7569082228759643
6.31783864 0.527650309 t630.dat 113.22533189 0.7527974550148884
6.38167681 0.531549016 t635.dat 112.29078449 0.748661930752738
6.41293919 0.533456971 t640.dat 111.8405783 0.7466325944250921
6.47653469 0.537335734 t645.dat 110.93949721 0.7424964501231518
6.5093426 0.5393354730000001 t650.dat 110.48222466 0.7403586582919539
6.57562793 0.543373292 t655.dat 109.57369972 0.7360315346877057
6.60802833 0.54534584 t660.dat 109.13693409 0.7339127371441686
6.67276341 0.54928481 t665.dat 108.27833472 0.7296725930639231
6.70645636 0.551333878 t670.dat 107.83871798 0.7274622581089069
6.77346476 0.555407024 t675.dat 106.97882272 0.7230597812933237
6.80623298 0.55739793 t680.dat 106.56516485 0.7209038759297338
6.87037053 0.561293103 t685.dat 105.76820763 0.7166787548922873
6.90286409 0.563265705 t690.dat 105.370745 0.7145356592290342
6.96833799 0.567238982 t695.dat 104.58242158 0.710212551655895
7.00198372 0.569280054 t700.dat 104.18372232 0.7079886485016852
7.0682805 0.573300558 t705.dat 103.41053402 0.7036023514457974
7.10068208 0.575264943 t710.dat 103.03853284 0.7014567182486791
7.16572113 0.579206985 t715.dat 102.30321191 0.6971464615639594
7.23124482 0.583177168 t720.dat 101.57743658 0.6928000370712057
7.26265476 0.585079961 t725.dat 101.23475007 0.690715236217923
7.32357317 0.588769742 t730.dat 100.57956728 0.6866698257238898
7.35449308 0.590642264 t735.dat 100.25170864 0.6846156307954333
7.4155469 0.594339261 t740.dat 99.61340187 0.6805579849850578
7.47847906 0.5981495029999999 t745.dat 98.96780488 0.6763738731475307
7.51054649 0.600090889 t750.dat 98.64355669 0.6742413642011501
7.57447341 0.603960883 t755.dat 98.00646763 0.6699895517899728
7.60570333 0.605851421 t760.dat 97.69966293 0.6679122580800284
7.66940242 0.609707505 t765.dat 97.08270308 0.6636752085120053
7.70196997 0.611679047 t770.dat 96.77176715 0.6615090372197653
7.76559347 0.615530787 t775.dat 96.17292463 0.6572777807719743
7.82988531 0.619423339 t780.dat 95.57910429 0.653003230883178
7.86235985 0.621389694 t785.dat 95.28339218 0.6508447098282636
7.92724573 0.625319043 t790.dat 94.7008775 0.6465334026350679
7.95922018 0.627255614 t795.dat 94.41784436 0.6444097528244187
8.02191586 0.631053452 t800.dat 93.87041681 0.6402476669219115
8.05343987 0.632963378 t805.dat 93.59888055 0.6381560313890356
8.11768676 0.636856652 t810.dat 93.05302601 0.6338957907814652
8.17979538 0.640621464 t815.dat 92.5347726 0.6297810033796837
8.21074208 0.642497799 t820.dat 92.27993809 0.6277322129697874
8.26998548 0.646090704 t825.dat 91.79827085 0.6238130540181626
8.32550848 0.649459147 t830.dat 91.35409029 0.620143833406536
8.35175347 0.651051786 t835.dat 91.14652788 0.6184108131375706
8.40421072 0.654235936 t840.dat 90.73619612 0.614949727950349
8.45807794 0.6575069250000001 t845.dat 90.32102518 0.6113997078189937
8.51201842 0.660783719 t850.dat 89.91145353 0.6078492685386347
8.56679777 0.6641129450000001 t855.dat 89.50170294 0.6042483915582884
8.62338046 0.667553414 t860.dat 89.08488509 0.6005343105390315
8.65284053 0.669345404 t865.dat 88.87040709 0.5986027962024371
8.71289204 0.672999737 t870.dat 88.43850922 0.5946705446163721
8.77407815 0.676725325 t875.dat 88.00562989 0.5906711210888439
8.80543604 0.678635591 t880.dat 87.78653774 0.5886243149694274
8.86885411 0.682500847 t885.dat 87.3490575 0.5844911056002169
8.9013217 0.6844807470000001 t890.dat 87.12794827 0.5823783912953735
8.96811058 0.688555886 t895.dat 86.67909034 0.5780396935202754
9.00211181 0.6906317040000001 t900.dat 86.45363027 0.5758348367287438
9.07107877 0.694844861 t905.dat 86.00250713 0.5713709605538297
9.10534472 0.696939502 t910.dat 85.78140545 0.5691573915278154
9.17493809 0.701196527 t915.dat 85.33843867 0.564670737886186
9.20896071 0.703279124 t920.dat 85.12480475 0.5624818347165037
9.27439949 0.707287499 t925.dat 84.71919823 0.5582803174530101
9.30642337 0.709250424 t930.dat 84.52320814 0.5562284261214998
9.37087852 0.713203994 t935.dat 84.13363165 0.5521071431598575
9.40372122 0.7152199539999999 t940.dat 83.93760623 0.5500116783273076
9.46805608 0.7191718739999999 t945.dat 83.55838464 0.5459159501555533
9.50055708 0.721169816 t950.dat 83.36917424 0.5438514784114264
9.56722869 0.725271548 t955.dat 82.98591819 0.5396264246614174
9.60121478 0.7273641160000001 t960.dat 82.79304316 0.5374779235085363
9.66688134 0.731410619 t965.dat 82.42505835 0.5333368932395511
9.73216771 0.735438139 t970.dat 82.06521238 0.5292334641470919
9.76293626 0.737337826 t975.dat 81.89766346 0.5273043717590987
9.82336248 0.741071605 t980.dat 81.57235875 0.52352494149683
9.85380846 0.742954411 t985.dat 81.41030843 0.521625291786673
9.91348558 0.746647922 t990.dat 81.09622452 0.517910938269325
9.97304432 0.75033818 t995.dat 80.78737917 0.5142162087248384
10.00409569 0.7522637640000001 t1000.dat 80.62816071 0.5122948662309065
10.06659558 0.756143041 t1005.dat 80.31136943 0.5084379932602399
10.12884819 0.760011674 t1010.dat 80.00064437 0.5046103773704876
10.16075444 0.7619963120000001 t1015.dat 79.84322086 0.5026541045041598
10.22401432 0.765934992 t1020.dat 79.53471292 0.49878659029334727
10.25532791 0.7678865189999999 t1025.dat 79.38375605 0.49687771644841855
10.31545111 0.771637078 t1030.dat 79.09711934 0.4932230219826968
10.37437651 0.775317527 t1035.dat 78.82022226 0.48965458052474475
10.40515286 0.777241643 t1040.dat 78.67716264 0.48779615763599576
10.46553094 0.781020168 t1045.dat 78.39957075 0.4841610204533651
10.52522897 0.784761063 t1050.dat 78.12904081 0.48058101683748833
10.5555698 0.786664237 t1055.dat 77.99302459 0.47876698135335954
10.61534765 0.7904177019999999 t1060.dat 77.72791459 0.4752038290799348
10.67608558 0.794236705 t1065.dat 77.46238982 0.47159836769321256
10.70612034 0.7961271759999999 t1070.dat 77.33249885 0.46982108449227267
10.76651566 0.799932653 t1075.dat 77.07409177 0.4662585739875962
10.82847046 0.8038420589999999 t1080.dat 76.81281922 0.46261994194895234
10.85950315 0.805802437 t1085.dat 76.68337758 0.46080347013451295
10.92118588 0.80970341 t1090.dat 76.42887814 0.4572050964800401
10.95160185 0.811629166 t1095.dat 76.30473301 0.4554367251255701
11.01127448 0.8154114979999999 t1100.dat 76.06372674 0.45197898698064615
11.07369864 0.819374296 t1105.dat 75.8151737 0.4483783774397612
11.10530588 0.821383172 t1110.dat 75.6906942 0.44656178737200497
11.16794065 0.82536889 t1115.dat 75.44669986 0.4429749375668016
11.23062926 0.829364512 t1120.dat 75.20601245 0.43940244397537953
11.26204055 0.831369061 t1125.dat 75.08671523 0.43761898070771066
11.32419152 0.8353402080000001 t1130.dat 74.85319898 0.4341032609834102
11.35421839 0.837261139 t1135.dat 74.74156997 0.4324109695305505
11.4147556 0.841138656 t1140.dat 74.51883696 0.4290115895164354
11.47620428 0.845081083 t1145.dat 74.29588127 0.4255781474457674
11.50634326 0.8470171719999999 t1150.dat 74.1876641 0.42390047012650206
11.5646707 0.850768643 t1155.dat 73.98032931 0.4206655943864462
11.62427309 0.8546084349999999 t1160.dat 73.77127909 0.41737630044527557
11.65424952 0.8565420579999999 t1165.dat 73.66720095 0.4157282355674901
11.71566948 0.860509089 t1170.dat 73.45613979 0.41236457376899865
11.77733689 0.864499135 t1175.dat 73.24714728 0.40900518907506034
11.80734693 0.86644344 t1180.dat 73.14648591 0.40737685419761765
11.86872124 0.870425089 t1185.dat 72.94271874 0.4040599844770447
11.93066309 0.874450847 t1190.dat 72.73988556 0.4007305959008409
11.96090241 0.876418864 t1195.dat 72.64187906 0.39911187308402407
12.01940037 0.88023104 t1200.dat 72.45414938 0.39599287822972057
12.07721957 0.8840055830000001 t1205.dat 72.27098151 0.3929262179794657
12.10798547 0.8860167369999999 t1210.dat 72.17447031 0.3913009923263584
12.17066652 0.8901200210000001 t1215.dat 71.9798646 0.3880039779114316
12.20202981 0.8921761229999999 t1220.dat 71.88349801 0.38636141098983406
12.26382478 0.8962331000000001 t1225.dat 71.69556599 0.3831390376400296
12.32622436 0.900337714 t1230.dat 71.50836975 0.3799039905687366
12.35776415 0.90241545 t1235.dat 71.41472266 0.3782760653574115
12.42129967 0.9066072610000001 t1240.dat 71.22802746 0.3750114461049409
12.45325445 0.908718711 t1245.dat 71.13510591 0.3733769991833794
12.51765055 0.912980339 t1250.dat 70.94980463 0.37009843973948486
12.55085761 0.915181388 t1255.dat 70.85526124 0.36841575335578014
12.61503441 0.919441921 t1260.dat 70.67446642 0.3651791366209736
12.67815687 0.9236411889999999 t1265.dat 70.4990793 0.36201550518858455
12.70899019 0.9256955720000001 t1270.dat 70.41427526 0.3604773245668019
12.77086186 0.9298243340000001 t1275.dat 70.24579725 0.3574049165723935
12.80131411 0.93185957 t1280.dat 70.16369675 0.35589968417608936
12.86371258 0.936036382 t1285.dat 69.99713923 0.3528297263161691
12.9265403 0.940250812 t1290.dat 69.83167591 0.34975816042125746
12.95714728 0.9423071569999999 t1295.dat 69.75187283 0.34826892277651883
13.01974694 0.94651964 t1300.dat 69.5902719 0.34523751429587274
13.05091243 0.948620215 t1305.dat 69.5106203 0.34373557638396757
13.11477431 0.952931607 t1310.dat 69.34904845 0.34067301076834766
13.17767575 0.9571875049999999 t1315.dat 69.19203836 0.3376763348747051
13.20822194 0.959257625 t1320.dat 69.11654442 0.3362281907017485
13.27016826 0.9634625550000001 t1325.dat 68.96493876 0.33330567347943185
13.30209903 0.965633611 t1330.dat 68.88756528 0.33180669477423647
13.36542566 0.9699466250000001 t1335.dat 68.73565009 0.3288488592742502
13.42759938 0.9741905940000001 t1340.dat 68.58846147 0.3259642854667452
13.45892637 0.9763325549999999 t1345.dat 68.51502535 0.3245181411381728
13.52075215 0.9805669419999999 t1350.dat 68.37150547 0.3216784065181852
13.55088997 0.982634486 t1355.dat 68.30221692 0.3203010274870073
13.61007515 0.98670136 t1360.dat 68.1674134 0.31760923868061636
13.66968721 0.9908064590000001 t1365.dat 68.03331388 0.3149156171918524
13.72822919 0.9948466229999999 t1370.dat 67.90323561 0.3122875058191599
13.75887055 0.99696476 t1375.dat 67.83578162 0.3109187035877905
13.82017608 1.0012098379999999 t1380.dat 67.70210752 0.30819403998253175
